loss epoch2 - epoch46: 

epoch2: 0.08051381541769904
epoch3: 0.05606447393339435
epoch4: 0.051077471795876725
epoch5: 0.04699901731388813
epoch6: 0.04483571447004041
epoch7: 0.04119342683150791
epoch8: 0.03806700029403753
epoch9: 0.03473633171793456
epoch10: 0.03246769314933916
epoch11: 0.0299193315570003
epoch12: 0.028872149747434166
epoch13: 0.027372883746724173
epoch14: 0.025917261578725453
epoch15: 0.02438109993321097
epoch16: 0.02366412056280958
epoch17: 0.02239075794328197
epoch18: 0.021487248621377096
epoch19: 0.020500693486471093
epoch20: 0.019816906028017566
epoch21: 0.0189659731948386
epoch22: 0.018198418847143356
epoch23: 0.018142002552312474
epoch24: 0.017395074585754847
epoch25: 0.016637454353279818
epoch26: 0.01657770256871227
epoch27: 0.016024192709180683
epoch28: 0.015542696969600126
epoch29: 0.0150916809897236
epoch30: 0.014558941576028635
epoch31: 0.01473654616071928
epoch32: 0.014332893683114127
epoch33: 0.01444919088337576
epoch34: 0.013481658950596578
epoch35: 0.013862179286656768
epoch36: 0.013414033536466174
epoch37: 0.013212928591368907
epoch38: 0.012635912119995015
epoch39: 0.012474208531940941
epoch40: 0.013972581615027315
epoch41: 0.012045676385315233
epoch42: 0.011939556177013779
epoch43: 0.012136463088404775
epoch44: 0.011677376810113192
epoch45: 0.011580329565497439
epoch46: 0.011551230210283325
-------------------------------------------------------------------------------

