specificity epoch2 - epoch46: 

epoch2: 0.996159979439031
epoch3: 0.9943786663450622
epoch4: 0.9948026160459784
epoch5: 0.9948956844620898
epoch6: 0.9949240306087097
epoch7: 0.9946425650707639
epoch8: 0.9948772518663977
epoch9: 0.9952016893430993
epoch10: 0.9951099295157103
epoch11: 0.9953820168344784
epoch12: 0.9941926550844845
epoch13: 0.9942483824587673
epoch14: 0.9948341543559971
epoch15: 0.9949356823355671
epoch16: 0.9951211384372929
epoch17: 0.9951796019516319
epoch18: 0.9954879662577623
epoch19: 0.9954886602063272
epoch20: 0.9957107700103506
epoch21: 0.9956496893185666
epoch22: 0.9962977315336916
epoch23: 0.9962455069474033
epoch24: 0.9964040114086731
epoch25: 0.9965872931382287
epoch26: 0.9964956126192471
epoch27: 0.9967381443381821
epoch28: 0.9967355205517031
epoch29: 0.996815324636673
epoch30: 0.9968788440619852
epoch31: 0.9968330500657321
epoch32: 0.9971338470279875
epoch33: 0.9970757668376177
epoch34: 0.9971533767233155
epoch35: 0.9971869704428933
epoch36: 0.9972294004408648
epoch37: 0.9972159708838745
epoch38: 0.9973877991575913
epoch39: 0.9973564326824554
epoch40: 0.9971813395459662
epoch41: 0.9974114727172073
epoch42: 0.9974150680316771
epoch43: 0.9974244065966512
epoch44: 0.9974292245824022
epoch45: 0.997463789829971
epoch46: 0.9974178504349709
-------------------------------------------------------------------------------

