accuracy epoch2 - epoch12: 

epoch2: 0.9748397550651207
epoch3: 0.9799421063667101
epoch4: 0.9810054761369772
epoch5: 0.9824094004737542
epoch6: 0.9837771486844185
epoch7: 0.9849624601638222
epoch8: 0.9861731000756394
epoch9: 0.9871702326836086
epoch10: 0.9880141022332951
epoch11: 0.9888717387730293
epoch12: 0.9616143137806837
-------------------------------------------------------------------------------

