precision epoch2 - epoch12: 

epoch2: 0.5527599219349074
epoch3: 0.6961741289428202
epoch4: 0.7121929852961918
epoch5: 0.7317418283943192
epoch6: 0.7496294686556694
epoch7: 0.7623559718899566
epoch8: 0.7750391896098017
epoch9: 0.78594728638579
epoch10: 0.7993585305689873
epoch11: 0.8066689570134432
epoch12: 0.4039585009971999
-------------------------------------------------------------------------------

