IoU epoch2 - epoch12: 

epoch2: 0.1954919434959109
epoch3: 0.3567535431900165
epoch4: 0.3931515823722919
epoch5: 0.4395054534606743
epoch6: 0.48325984476461536
epoch7: 0.5217151395489718
epoch8: 0.5602068809091045
epoch9: 0.5911394552804745
epoch10: 0.6150153931055905
epoch11: 0.6423882701621827
epoch12: 0.3978230486901322
-------------------------------------------------------------------------------

