loss epoch2 - epoch12: 

epoch2: 0.0757290905397605
epoch3: 0.056494024513456455
epoch4: 0.053932801990449294
epoch5: 0.048847927705529155
epoch6: 0.0460955570912869
epoch7: 0.04130365206810625
epoch8: 0.038086972325566466
epoch9: 0.03536750965688645
epoch10: 0.032941960909920916
epoch11: 0.03028240117324035
epoch12: 0.029441448204546937
-------------------------------------------------------------------------------

