f1score epoch2 - epoch46: 

epoch2: 0.2544104297110029
epoch3: 0.5379162525802437
epoch4: 0.596004987757565
epoch5: 0.6398875039250754
epoch6: 0.6557167608269975
epoch7: 0.698321564563692
epoch8: 0.730869902118537
epoch9: 0.7496465182826787
epoch10: 0.7735044964520217
epoch11: 0.7912082444568146
epoch12: 0.8043805380964635
epoch13: 0.8134874391416341
epoch14: 0.8245559861929106
epoch15: 0.8340685501669339
epoch16: 0.8386737002204177
epoch17: 0.844442224030014
epoch18: 0.8519436152037249
epoch19: 0.857104071235226
epoch20: 0.8615714431511494
epoch21: 0.864709086894947
epoch22: 0.8726983744652396
epoch23: 0.8724746909995305
epoch24: 0.8764621193702827
epoch25: 0.8814584902560743
epoch26: 0.8816328717094267
epoch27: 0.8850897199215366
epoch28: 0.888490403982391
epoch29: 0.8902755201089391
epoch30: 0.8928832091756684
epoch31: 0.8930006937534327
epoch32: 0.895310091699459
epoch33: 0.8941084304621945
epoch34: 0.9008047322530441
epoch35: 0.8981257035283735
epoch36: 0.9016823624910162
epoch37: 0.9020975986489778
epoch38: 0.9062330588541051
epoch39: 0.906397567007775
epoch40: 0.8985679913052033
epoch41: 0.9090360871509747
epoch42: 0.9108344975750111
epoch43: 0.910204650395622
epoch44: 0.9123384426720463
epoch45: 0.9129950196850487
epoch46: 0.912634451021631
-------------------------------------------------------------------------------

