balance_accuracy epoch2 - epoch46: 

epoch2: 0.5810121874232298
epoch3: 0.7183193286772778
epoch4: 0.7493128598737886
epoch5: 0.7758461064740129
epoch6: 0.7858579416354203
epoch7: 0.8172224724945255
epoch8: 0.8384075145982226
epoch9: 0.8490849910628495
epoch10: 0.8683202317502455
epoch11: 0.8792954907455713
epoch12: 0.9037110025962471
epoch13: 0.9108118813629202
epoch14: 0.9132959657384816
epoch15: 0.9202712493871594
epoch16: 0.9219768752988331
epoch17: 0.9262906157286103
epoch18: 0.9289658937351131
epoch19: 0.9335277824387471
epoch20: 0.934607740261343
epoch21: 0.9382154565174385
epoch22: 0.9367406634975506
epoch23: 0.9372415317531695
epoch24: 0.9386706667555795
epoch25: 0.9406558024280072
epoch26: 0.9420655736797863
epoch27: 0.9418476759985147
epoch28: 0.9449500371929631
epoch29: 0.945456214856254
epoch30: 0.9469326568172209
epoch31: 0.9476803916540416
epoch32: 0.9455522764008872
epoch33: 0.945282317335258
epoch34: 0.95026566339637
epoch35: 0.9473519922271042
epoch36: 0.9499831627392379
epoch37: 0.9505534417671768
epoch38: 0.9518687791905882
epoch39: 0.9524708369028778
epoch40: 0.9478330342572502
epoch41: 0.9540956924609814
epoch42: 0.9556977955673567
epoch43: 0.9549823214579137
epoch44: 0.9568789380364581
epoch45: 0.9569810412445113
epoch46: 0.9573182620393128
-------------------------------------------------------------------------------

