sensitivity epoch2 - epoch46: 

epoch2: 0.16586439540742867
epoch3: 0.44225999100949326
epoch4: 0.5038231037015988
epoch5: 0.556796528485936
epoch6: 0.5767918526621308
epoch7: 0.6398023799182871
epoch8: 0.6819377773300476
epoch9: 0.7029682927825999
epoch10: 0.7415305339847807
epoch11: 0.7632089646566643
epoch12: 0.8132293501080097
epoch13: 0.8273753802670731
epoch14: 0.831757777120966
epoch15: 0.8456068164387519
epoch16: 0.8488326121603732
epoch17: 0.8574016295055886
epoch18: 0.8624438212124639
epoch19: 0.871566904671167
epoch20: 0.8735047105123354
epoch21: 0.8807812237163105
epoch22: 0.8771835954614097
epoch23: 0.8782375565589358
epoch24: 0.8809373221024861
epoch25: 0.8847243117177855
epoch26: 0.8876355347403254
epoch27: 0.8869572076588473
epoch28: 0.893164553834223
epoch29: 0.8940971050758348
epoch30: 0.8969864695724568
epoch31: 0.8985277332423511
epoch32: 0.893970705773787
epoch33: 0.8934888678328983
epoch34: 0.9033779500694246
epoch35: 0.8975170140113151
epoch36: 0.9027369250376109
epoch37: 0.9038909126504793
epoch38: 0.9063497592235852
epoch39: 0.9075852411233002
epoch40: 0.8984847289685342
epoch41: 0.9107799122047555
epoch42: 0.9139805231030363
epoch43: 0.9125402363191762
epoch44: 0.9163286514905139
epoch45: 0.9164982926590517
epoch46: 0.9172186736436547
-------------------------------------------------------------------------------

