sensitivity epoch2 - epoch12: 

epoch2: 0.23222348656648467
epoch3: 0.42254116588497953
epoch4: 0.4674132566618039
epoch5: 0.5239216295435489
epoch6: 0.5762732976597745
epoch7: 0.6230406836349319
epoch8: 0.668986937850193
epoch9: 0.7045735475896168
epoch10: 0.7272872928028363
epoch11: 0.7592870075316003
epoch12: 0.9632254114146107
-------------------------------------------------------------------------------

