f1score epoch2 - epoch12: 

epoch2: 0.32704853355053926
epoch3: 0.5258929228240127
epoch4: 0.5644060378596046
epoch5: 0.6106339540486931
epoch6: 0.6516185905933507
epoch7: 0.6856935650960341
epoch8: 0.7181187158752717
epoch9: 0.7430391513687563
epoch10: 0.7616217105187437
epoch11: 0.7822611520462797
epoch12: 0.5692037329945633
-------------------------------------------------------------------------------

