precision epoch2 - epoch46: 

epoch2: 0.5457646994441534
epoch3: 0.6863712557716262
epoch4: 0.72947282347514
epoch5: 0.752127853506112
epoch6: 0.7596649857542279
epoch7: 0.7686232848110606
epoch8: 0.7873670552024382
epoch9: 0.8029646636732357
epoch10: 0.808360073485019
epoch11: 0.8213401394427404
epoch12: 0.7957222225063617
epoch13: 0.8000580343716952
epoch14: 0.8174778383927166
epoch15: 0.8228409234618468
epoch16: 0.8287550781760159
epoch17: 0.8318687415990847
epoch18: 0.8416960126215238
epoch19: 0.8431133970101997
epoch20: 0.8499598310012195
epoch21: 0.8492129942595577
epoch22: 0.8682587878547002
epoch23: 0.8667869625523363
epoch24: 0.8720321553012619
epoch25: 0.8782166906599699
epoch26: 0.8757108497333808
epoch27: 0.8832300796494619
epoch28: 0.8838649213950637
epoch29: 0.8864864648394895
epoch30: 0.8888173185220343
epoch31: 0.887541234606842
epoch32: 0.8966534971001773
epoch33: 0.894728852921366
epoch34: 0.8982461321117996
epoch35: 0.8987352192233545
epoch36: 0.9006302609150766
epoch37: 0.9003113864054915
epoch38: 0.9061163885331195
epoch39: 0.9052129972316971
epoch40: 0.898651269075099
epoch41: 0.907298926966707
epoch42: 0.9077100557131392
epoch43: 0.9078809895038015
epoch44: 0.9083828343971547
epoch45: 0.9095184269298384
epoch46: 0.9080958240407869
-------------------------------------------------------------------------------

