accuracy epoch2 - epoch46: 

epoch2: 0.9736889993094514
epoch3: 0.9794362193162663
epoch4: 0.9815148290480635
epoch5: 0.983039042540758
epoch6: 0.983607771624707
epoch7: 0.9850392299415791
epoch8: 0.9864079105266277
epoch9: 0.9872927338173758
epoch10: 0.9882470993768602
epoch11: 0.989098524374144
epoch12: 0.9892950946150376
epoch13: 0.9897321595755801
epoch14: 0.9904206826924976
epoch15: 0.9908942710082339
epoch16: 0.9911620103504102
epoch17: 0.9914508020631684
epoch18: 0.9918872818784075
epoch19: 0.9921348626433774
epoch20: 0.9924034057565746
epoch21: 0.9925409084726776
epoch22: 0.9930740465758171
epoch23: 0.9930517596129471
epoch24: 0.9932790403370108
epoch25: 0.9935598522110725
epoch26: 0.9935494417688086
epoch27: 0.9937670515199477
epoch28: 0.9939324933167404
epoch29: 0.9940353760074273
epoch30: 0.9941753736287795
epoch31: 0.9941725314944493
epoch32: 0.9943418571128154
epoch33: 0.994272308413911
epoch34: 0.9946154543381927
epoch35: 0.9944895194946237
epoch36: 0.9946720719689113
epoch37: 0.9946902371939857
epoch38: 0.9949239609465537
epoch39: 0.9949268802429019
epoch40: 0.9945102310662927
epoch41: 0.9950668907245904
epoch42: 0.995157009531464
epoch43: 0.9951271156796513
epoch44: 0.9952343323036834
epoch45: 0.9952725532232736
epoch46: 0.9952473533942234
-------------------------------------------------------------------------------

