specificity epoch2 - epoch12: 

epoch2: 0.9949195225369923
epoch3: 0.9950137951355326
epoch4: 0.994892611094677
epoch5: 0.9948065539155821
epoch6: 0.9947957365063766
epoch7: 0.9947485440728097
epoch8: 0.9947495676982229
epoch9: 0.9948114276933561
epoch10: 0.9950639527807804
epoch11: 0.9950795316991662
epoch12: 0.9615707509512171
-------------------------------------------------------------------------------

