balance_accuracy epoch2 - epoch12: 

epoch2: 0.6135715045517385
epoch3: 0.708777480510256
epoch4: 0.7311529338782404
epoch5: 0.7593640917295655
epoch6: 0.7855345170830756
epoch7: 0.8088946138538708
epoch8: 0.831868252774208
epoch9: 0.8496924876414864
epoch10: 0.8611756227918084
epoch11: 0.8771832696153832
epoch12: 0.9623980811829139
-------------------------------------------------------------------------------

