IoU epoch2 - epoch46: 

epoch2: 0.14574470083989052
epoch3: 0.36791069836426465
epoch4: 0.42450648510897265
epoch5: 0.4704666016757381
epoch6: 0.48778169787372466
epoch7: 0.5364777855673873
epoch8: 0.5758825697527507
epoch9: 0.5995476713137654
epoch10: 0.6306623173215438
epoch11: 0.6545447061733768
epoch12: 0.6727730383510281
epoch13: 0.6856121595148794
epoch14: 0.7014846955766917
epoch15: 0.715366714129165
epoch16: 0.722168868800781
epoch17: 0.7307659050809305
epoch18: 0.7420747155680023
epoch19: 0.7499406110944609
epoch20: 0.7568076520637916
epoch21: 0.7616630036524672
epoch22: 0.7741480671166918
epoch23: 0.7737961037637046
epoch24: 0.7800912941885375
epoch25: 0.7880427168571256
epoch26: 0.7883215175118787
epoch27: 0.7938663188747773
epoch28: 0.7993546858846149
epoch29: 0.8022491494432341
epoch30: 0.8064941445887113
epoch31: 0.8066858657583752
epoch32: 0.8104628140188292
epoch33: 0.8084955660127482
epoch34: 0.8195129279435882
epoch35: 0.8150890772244277
epoch36: 0.8209668421023064
epoch37: 0.8216555474684296
epoch38: 0.8285431061800804
epoch39: 0.82881816980579
epoch40: 0.815817939021049
epoch41: 0.8332412066472936
epoch42: 0.8362682214475854
epoch43: 0.8352069503013096
epoch44: 0.8388072893863954
epoch45: 0.83991797297977
epoch46: 0.8393078591455227
-------------------------------------------------------------------------------

